4,12001,0,0,3
4,13043,0,0,2
4,14139,0,0,2
4,60250,0,0,3
4,60252,0,0,2
4,60257,0,0,3
4,60258,0,0,4
4,60259,0,0,5
4,60260,0,0,5
4,60346,0,1,2

4,14175,0,0,2



2,2076,0,2,2
2,2078,0,4,2
2,2086,0,4,2
2,2099,0,0,2
2,2099,0,1,2
2,2099,0,2,2
2,2099,0,4,2
2,2100,0,0,2
2,2100,0,1,3
2,2100,0,2,3
2,2100,0,4,4
2,2101,0,1,2
2,2101,0,4,2
2,2102,0,1,2
2,2102,0,2,2
2,2102,0,4,3
2,2103,0,2,2
2,2103,0,4,2
2,2104,0,0,2
2,2104,0,1,2
2,2104,0,2,2
2,2104,0,4,3
2,2105,0,1,2
2,2105,0,2,2
2,2105,0,4,2
2,2106,0,2,2
2,2106,0,4,2
2,2117,0,1,2
2,2117,0,4,2
2,2119,0,4,2
2,2121,0,1,2
2,2121,0,2,2
2,2121,0,4,3
2,2122,0,1,2
2,2122,0,2,2
2,2122,0,4,3
2,2123,0,0,2
2,2123,0,1,4
2,2123,0,2,3
2,2123,0,4,5
2,2125,0,4,2
2,2126,0,1,2
2,2126,0,2,2
2,2126,0,4,2
2,2127,0,0,4
2,2127,0,1,6
2,2127,0,2,6
2,2127,0,4,6
2,2127,0,7,2
2,2128,0,0,3
2,2128,0,1,4
2,2128,0,2,5
2,2128,0,4,5
2,2128,0,7,2
2,2129,0,1,2
2,2129,0,2,2
2,2129,0,4,3
2,2130,0,0,3
2,2130,0,1,4
2,2130,0,2,4
2,2130,0,4,5
2,2130,0,7,2
2,2131,0,0,2
2,2131,0,1,2
2,2131,0,2,2
2,2131,0,4,3
2,2132,0,0,2
2,2132,0,1,2
2,2132,0,2,2
2,2132,0,4,2
2,2133,0,1,2
2,2133,0,2,2
2,2133,0,4,2
2,2134,0,0,2
2,2134,0,1,3
2,2134,0,2,2
2,2134,0,4,5
2,2135,0,0,3
2,2135,0,1,4
2,2135,0,2,4
2,2135,0,4,4
2,2136,0,0,2
2,2136,0,1,2
2,2136,0,2,2
2,2136,0,4,2
2,2137,0,0,2
2,2137,0,1,2
2,2137,0,2,3
2,2137,0,4,3
2,2138,0,0,2
2,2138,0,1,3
2,2138,0,2,3
2,2138,0,4,3
2,2139,0,0,3
2,2139,0,1,4
2,2139,0,2,3
2,2139,0,4,6
2,2139,0,7,2
2,2140,0,0,2
2,2140,0,1,3
2,2140,0,2,3
2,2140,0,4,4
2,2141,0,0,2
2,2141,0,1,3
2,2141,0,2,4
2,2141,0,4,3
2,2142,0,0,2
2,2142,0,1,3
2,2142,0,2,3
2,2142,0,4,4
2,2142,0,7,2
2,2143,0,0,2
2,2143,0,1,3
2,2143,0,2,4
2,2143,0,4,3
2,2150,0,0,2
2,2150,0,1,3
2,2150,0,2,3
2,2150,0,4,3
2,2151,0,1,2
2,2151,0,2,2
2,2151,0,4,2
2,2152,0,0,2
2,2152,0,1,3
2,2152,0,2,3
2,2152,0,4,3
2,2153,0,0,3
2,2153,0,1,4
2,2153,0,2,4
2,2153,0,4,3
2,2153,0,7,2
2,2154,0,0,2
2,2154,0,1,3
2,2154,0,2,3
2,2154,0,4,4
4,52,0,0,2
4,53,0,0,2
4,123,0,0,2
4,124,0,0,2
4,125,0,0,4
4,126,0,0,3
4,160,0,0,2
4,161,0,0,2
4,162,0,0,2
4,176,0,0,2
4,204,0,0,2
4,205,0,0,2
4,206,0,0,2
4,294,0,0,2
4,303,0,0,2
4,304,0,0,2
4,305,0,0,3
4,326,0,0,2
4,372,0,0,2
4,373,0,0,2
4,384,0,0,2
4,419,0,0,2
4,420,0,0,2
4,421,0,0,3
4,451,0,0,3
4,452,0,0,3
4,453,0,0,2
4,455,0,0,2
4,456,0,0,2
4,458,0,0,2
4,459,0,0,2
4,460,0,0,2
4,500,0,0,2
4,501,0,0,2
4,514,0,0,2
4,515,0,0,2
4,516,0,0,3
4,530,0,0,2
4,531,0,0,2
4,579,0,0,2
4,580,0,0,2
4,583,0,0,2
4,607,0,0,4
4,608,0,0,4
4,609,0,0,3
4,669,0,0,2
4,670,0,0,2
4,671,0,0,2
4,691,0,0,4
4,692,0,0,5
4,693,0,0,5
4,694,0,0,3
4,695,0,0,2
4,696,0,0,3
4,697,0,0,4
4,699,0,0,2
4,700,0,0,2
4,720,0,0,3
4,721,0,0,3
4,722,0,0,3
4,734,0,0,2
4,735,0,0,3
4,736,0,0,3
4,737,0,0,2
4,739,0,0,2
4,740,0,0,3
4,741,0,0,2
4,744,0,0,2
4,751,0,0,2
4,752,0,0,2
4,753,0,0,2
4,754,0,0,3
4,755,0,0,3
4,828,0,0,2
4,829,0,0,2
4,832,0,0,2
4,842,0,0,2
4,843,0,0,2
4,846,0,0,2
4,847,0,0,2
4,850,0,0,2
4,853,0,0,2
4,854,0,0,2
4,856,0,0,2
4,857,0,0,2
4,858,0,0,2
4,864,0,0,2
4,865,0,0,2
4,871,0,0,2
4,872,0,0,2
4,873,0,0,3
4,875,0,0,2
4,876,0,0,2
4,877,0,0,2
4,884,0,0,2
4,891,0,0,2
4,898,0,0,2
4,938,0,0,2
4,942,0,0,2
4,944,0,0,2
4,945,0,0,2
4,946,0,0,2
4,951,0,0,2
4,952,0,0,2
4,953,0,0,2
4,956,0,0,2
4,957,0,0,2
4,959,0,0,2
4,960,0,0,2
4,1090,0,0,2
4,1091,0,0,3
4,1092,0,0,2
4,1099,0,0,2
4,1100,0,0,3
4,1101,0,0,3
4,1102,0,0,2
4,1103,0,0,2
4,1110,0,0,2
4,1111,0,0,2
4,1112,0,0,3
4,1113,0,0,2
4,1114,0,0,2
4,1122,0,0,2
4,1123,0,0,2
4,1124,0,0,2
4,1134,0,0,2
4,1135,0,0,2
4,1137,0,0,2
4,1145,0,0,2
4,1146,0,0,2
4,1147,0,0,2
4,1148,0,0,2
4,1158,0,0,2
4,1160,0,0,2
4,1161,0,0,3
4,1162,0,0,3
4,1163,0,0,2
4,1164,0,0,2
4,1166,0,0,2
4,1167,0,0,2
4,1168,0,0,3
4,1170,0,0,2
4,1171,0,0,2
4,1172,0,0,3
4,1173,0,0,2
4,1174,0,0,2
4,1176,0,0,2
4,1177,0,0,2
4,1180,0,0,2
4,1181,0,0,3
4,1182,0,0,3
4,1183,0,0,4
4,1184,0,0,3
4,1185,0,0,3
4,1186,0,0,3
4,1187,0,0,2
4,1189,0,0,5
4,1191,0,0,3
4,1192,0,0,2
4,1193,0,0,2
2,1054,0,0,3
2,1054,0,2,4
2,1054,0,7,2
2,1064,0,1,2
2,1064,0,2,2
2,1064,0,4,2
2,1075,0,2,2
2,1075,0,4,2
2,1081,0,1,2
2,1081,0,2,2
2,1081,0,4,2
2,1103,0,4,2
2,1135,0,1,2
2,1135,0,2,2
2,1135,0,4,2
2,1140,0,2,2
2,1140,0,4,3
2,1144,0,0,2
2,1144,0,1,4
2,1144,0,2,3
2,1144,0,4,4
2,1146,0,2,2
2,1146,0,4,2
2,1162,0,1,2
2,1162,0,2,2
2,1162,0,4,2
2,1189,0,0,2
2,1189,0,1,2
2,1189,0,2,2
2,1189,0,4,2
2,1212,0,0,2
2,1212,0,1,4
2,1212,0,2,3
2,1212,0,4,3
2,1213,0,1,2
2,1213,0,2,2
2,1213,0,4,2
2,1220,0,0,2
2,1220,0,1,3
2,1220,0,2,3
2,1220,0,4,3
2,1224,0,1,2
2,1224,0,2,2
2,1224,0,4,2
2,1225,0,2,2
2,1225,0,4,3
2,1226,0,4,2
2,1229,0,1,2
2,1229,0,2,2
2,1229,0,4,2
2,1250,0,2,2
2,1256,0,2,2
2,1258,0,2,2
2,1262,0,1,2
2,1262,0,2,2
2,1262,0,4,2
2,1263,0,4,2
2,1285,0,4,2
2,1322,0,4,2
2,1323,0,0,2
2,1323,0,1,2
2,1325,0,2,2
2,1325,0,4,2
2,1328,0,4,2
2,1343,0,1,2
2,1343,0,2,2
2,1343,0,4,2
2,1344,0,4,2
2,1345,0,1,2
2,1345,0,2,2
2,1346,0,2,2
2,1346,0,4,2
2,1349,0,0,2
2,1349,0,1,2
2,1349,0,2,2
2,1349,0,4,3
2,1350,0,0,2
2,1350,0,1,2
2,1350,0,4,2
2,1351,0,1,3
2,1351,0,4,2
2,1426,0,4,2
2,1436,0,4,2
2,1441,0,0,2
2,1441,0,1,2
2,1441,0,2,2
2,1441,0,4,3
2,1445,0,4,2
2,1447,0,4,2
2,1450,0,1,2
2,1450,0,4,2
2,1458,0,4,2
2,1460,0,0,2
2,1460,0,1,2
2,1460,0,2,2
2,1460,0,4,3
2,1467,0,0,3
2,1467,0,1,5
2,1467,0,2,5
2,1467,0,7,2
2,1468,0,0,4
2,1468,0,1,8
2,1468,0,2,6
2,1468,0,7,2
2,1469,0,0,2
2,1469,0,1,2
2,1469,0,2,4
2,1470,0,0,4
2,1470,0,1,6
2,1470,0,2,6
2,1470,0,7,2
2,1471,0,0,2
2,1471,0,1,2
2,1471,0,2,3
2,1473,0,1,2
2,1473,0,2,2
2,1474,0,0,2
2,1474,0,1,3
2,1474,0,2,3
2,1475,0,1,2
2,1475,0,2,2
2,1476,0,1,2
2,1476,0,2,2
2,1477,0,2,2
2,1478,0,0,2
2,1478,0,1,3
2,1478,0,2,3
2,1480,0,0,2
2,1480,0,1,2
2,1480,0,2,4
2,1481,0,1,2
2,1481,0,2,2
2,1482,0,1,2
2,1482,0,2,2
2,1483,0,0,2
2,1483,0,1,3
2,1483,0,2,3
2,1485,0,1,2
2,1485,0,2,2
2,1485,0,4,2
2,1486,0,0,2
2,1486,0,1,3
2,1486,0,2,3
2,1488,0,0,3
2,1488,0,1,3
2,1488,0,2,4
2,1490,0,0,2
2,1490,0,1,4
2,1490,0,2,4
2,1491,0,0,2
2,1491,0,1,3
2,1491,0,2,3
2,1492,0,0,2
2,1492,0,1,3
2,1492,0,2,3
2,1494,0,0,3
2,1494,0,1,4
2,1494,0,2,4
2,1494,0,7,2
2,1495,0,1,2
2,1495,0,2,2
2,1496,0,0,2
2,1496,0,1,3
2,1496,0,2,8
2,1497,0,1,3
2,1497,0,2,2
2,1498,0,1,2
2,1498,0,2,2
2,1500,0,0,2
2,1500,0,2,3
2,1501,0,0,3
2,1501,0,1,3
2,1501,0,2,4
2,1502,0,1,2
2,1502,0,2,3
2,1503,0,2,2
2,1504,0,1,2
2,1504,0,2,2
2,1506,0,2,2
2,1507,0,2,2
2,1508,0,2,2
2,1509,0,1,2
2,1509,0,2,3
2,1510,0,2,3
2,1511,0,0,2
2,1511,0,1,2
2,1511,0,2,2
2,1512,0,2,2
2,1513,0,1,2
2,1513,0,2,2
2,1515,0,1,2
2,1515,0,2,3
2,1516,0,1,2
2,1516,0,2,2
2,1517,0,0,2
2,1517,0,1,2
2,1517,0,2,4
2,1518,0,2,3
2,1523,0,0,3
2,1523,0,1,3
2,1523,0,2,4
2,1523,0,4,5
2,1523,0,7,2
2,1524,0,0,2
2,1524,0,1,2
2,1524,0,2,4
2,1525,0,1,2
2,1525,0,2,2
2,1526,0,2,3
2,1527,0,2,2
2,1530,0,1,2
2,1530,0,2,2
2,1531,0,4,2
2,1532,0,1,2
2,1532,0,2,2
2,1532,0,4,2
2,1535,0,0,2
2,1535,0,1,2
2,1535,0,2,2
2,1535,0,4,2
2,1536,0,1,2
2,1536,0,2,2
2,1536,0,4,2
2,1537,0,2,2
2,1540,0,0,2
2,1540,0,1,3
2,1540,0,2,3
2,1540,0,4,4
2,1541,0,1,2
2,1541,0,2,2
2,1541,0,4,2
2,1543,0,2,2
2,1543,0,4,2
2,1544,0,1,2
2,1544,0,2,2
2,1544,0,4,2
2,1545,0,4,2
2,1546,0,1,2
2,1546,0,2,4
2,1547,0,1,2
2,1547,0,2,3
2,1548,0,1,2
2,1548,0,2,3
2,1548,0,4,2
2,1549,0,0,2
2,1549,0,1,2
2,1549,0,2,2
2,1550,0,0,2
2,1550,0,1,2
2,1550,0,2,2
2,1551,0,1,2
2,1551,0,2,2
2,1552,0,0,2
2,1552,0,1,2
2,1552,0,2,2
2,1553,0,0,2
2,1553,0,1,2
2,1553,0,2,2
2,1554,0,1,2
2,1554,0,2,2
2,1555,0,1,2
2,1555,0,2,2
2,1586,0,4,2
2,1587,0,4,2
2,1590,0,2,4
2,1584,0,1,2
2,1584,0,4,2
2,1591,0,1,2
2,1591,0,2,2
2,1591,0,4,3
2,1593,0,4,2
2,1562,0,1,2
2,1562,0,2,2
2,1562,0,4,2
2,1594,0,1,2
2,1594,0,2,2
2,1594,0,4,2
2,1595,0,4,2
2,1604,0,0,2
2,1604,0,1,3
2,1604,0,2,3
2,1605,0,0,2
2,1605,0,1,3
2,1605,0,2,3
2,1606,0,0,3
2,1606,0,1,3
2,1606,0,2,4
2,1607,0,2,2
2,1161,0,0,4
2,1161,0,1,6
2,1161,0,2,5
2,1161,0,7,3
2,1166,0,0,3
2,1166,0,1,4
2,1166,0,2,4
2,1166,0,4,5
2,1166,0,7,2
2,1178,0,1,2
2,1178,0,2,2
2,1178,0,4,2

2,1608,0,2,2
2,1609,0,2,2
2,1056,0,0,2
2,1056,0,1,3
2,1056,0,2,3
2,1056,0,4,4
2,1090,0,1,2
2,1090,0,2,2
2,1090,0,4,2
2,1153,0,0,2
2,1153,0,1,3
2,1153,0,2,3
2,1153,0,4,3
2,1610,0,0,2
2,1610,0,1,4
2,1610,0,2,4
2,1611,0,0,4
2,1611,0,1,8
2,1611,0,2,6
2,1611,0,7,2
2,1612,0,1,2
2,1612,0,2,2
2,1613,0,0,2
2,1613,0,1,4
2,1613,0,2,4
2,1614,0,0,4
2,1614,0,1,7
2,1614,0,2,6
2,1614,0,4,3
2,1614,0,7,2
2,1615,0,0,4
2,1615,0,1,6
2,1615,0,2,6
2,1615,0,7,2
2,1616,0,0,2
2,1616,0,1,3
2,1616,0,2,3
2,1617,0,0,2
2,1617,0,1,3
2,1617,0,2,3
2,1618,0,0,2
2,1618,0,1,4
2,1618,0,2,4
2,1619,0,1,2
2,1619,0,2,2
2,1620,0,0,4
2,1620,0,1,6
2,1620,0,2,6
2,1620,0,7,2
2,1621,0,0,2
2,1621,0,1,3
2,1621,0,2,3
2,1622,0,0,6
2,1622,0,1,7
2,1622,0,7,2
2,1623,0,1,2
2,1623,0,2,2
2,1624,0,0,3
2,1624,0,1,5
2,1624,0,2,5
2,1624,0,7,2
2,1625,0,0,3
2,1625,0,1,6
2,1625,0,2,5
2,1625,0,7,2
2,1626,0,0,4
2,1626,0,1,6
2,1626,0,2,6
2,1626,0,7,3
2,1627,0,0,4
2,1627,0,1,5
2,1627,0,2,5
2,1627,0,7,2
2,1628,0,0,4
2,1628,0,1,6
2,1628,0,2,5
2,1628,0,7,2
2,1629,0,0,2
2,1629,0,1,3
2,1629,0,2,3
2,1629,0,7,2
2,1630,0,0,4
2,1630,0,1,6
2,1630,0,2,6
2,1630,0,7,2
2,1631,0,0,4
2,1631,0,1,5
2,1631,0,2,5
2,1631,0,7,2
2,1632,0,0,3
2,1632,0,1,5
2,1632,0,2,5
2,1632,0,7,2
2,1633,0,0,4
2,1633,0,1,6
2,1633,0,2,5
2,1633,0,7,2
2,1634,0,0,3
2,1634,0,1,4
2,1634,0,2,4
2,1634,0,7,2
2,1635,0,0,4
2,1635,0,1,5
2,1635,0,2,5
2,1635,0,7,2
2,1636,0,0,4
2,1636,0,1,6
2,1636,0,2,7
2,1636,0,7,2
2,1637,0,0,3
2,1637,0,1,5
2,1637,0,2,6
2,1637,0,7,2
2,1638,0,0,3
2,1638,0,1,5
2,1638,0,2,4
2,1638,0,7,2
2,1639,0,0,3
2,1639,0,1,4
2,1639,0,2,5
2,1639,0,7,3
2,1640,0,4,2
2,1646,0,1,2
2,1646,0,2,3
2,1646,0,4,3
2,1647,0,0,2
2,1647,0,1,3
2,1647,0,2,5
2,1647,0,7,2
2,1648,0,2,2
2,1648,0,4,2
2,1650,0,4,2
2,1651,0,4,2
2,1652,0,2,2
2,1653,0,1,2
2,1653,0,2,2
2,1653,0,4,2
2,1654,0,0,2
2,1654,0,1,2
2,1654,0,2,2
2,1654,0,4,2
2,1655,0,4,2
2,1656,0,4,2
2,1657,0,0,2
2,1657,0,1,3
2,1657,0,2,3
2,1657,0,4,3
2,1671,0,4,2
2,1688,0,0,2
2,1688,0,1,3
2,1688,0,2,3
2,1688,0,4,3
2,1689,0,4,2
2,1695,0,4,2
2,1696,0,1,2
2,1696,0,2,2
2,1696,0,4,2
2,1728,0,4,2
2,1733,0,4,2
2,1735,0,4,2
2,1740,0,4,2
2,1743,0,1,2
2,1748,0,4,2
2,1754,0,1,2
2,1754,0,4,2
2,1758,0,1,2
2,1758,0,2,2
2,1758,0,4,2
2,1768,0,0,2
2,1768,0,1,2
2,1768,0,2,3
2,1768,0,4,3
2,1772,0,0,2
2,1772,0,1,2
2,1772,0,2,2
2,1772,0,4,3
2,1778,0,0,3
2,1778,0,1,3
2,1778,0,2,4
2,1778,0,4,4
2,1778,0,7,2
2,1786,0,1,2
2,1786,0,2,2
2,1786,0,4,2
2,1787,0,0,2
2,1787,0,1,3
2,1787,0,2,3
2,1787,0,4,4
2,1789,0,1,2
2,1789,0,2,2
2,1789,0,4,2
2,1790,0,2,2
2,1790,0,4,3
2,1791,0,4,2
2,1792,0,1,2
2,1792,0,2,2
2,1792,0,4,3
2,1793,0,0,2
2,1793,0,1,2
2,1793,0,2,2
2,1793,0,4,4
2,1794,0,1,2
2,1794,0,2,2
2,1794,0,4,2
2,1795,0,2,2
2,1798,0,0,2
2,1798,0,1,2
2,1798,0,2,2
2,1800,0,1,2
2,1800,0,2,2
2,1803,0,0,2
2,1803,0,1,4
2,1803,0,2,3
2,1803,0,4,2
2,1806,0,0,3
2,1806,0,1,3
2,1806,0,2,3
2,1807,0,2,2
2,1808,0,2,2
2,1808,0,4,2
2,1810,0,1,2
2,1810,0,2,2
2,1887,0,2,2
2,1887,0,4,3
2,1888,0,2,2
2,1888,0,4,2
2,1889,0,2,2
2,1889,0,4,2
2,1890,0,2,2
2,1890,0,4,2
2,1915,0,2,2
2,1916,0,1,2
2,1916,0,2,2
2,1920,0,1,2
2,1920,0,2,2
2,1922,0,2,3
2,1929,0,4,2
2,1930,0,4,2
2,1931,0,4,2
2,1932,0,2,2
2,1932,0,4,2
2,1933,0,4,2
2,1934,0,2,2
2,1934,0,4,3
2,1936,0,2,2
2,1937,0,2,2
2,1937,0,4,2
2,1941,0,2,4
2,1941,0,4,4
2,1941,0,0,4
2,1941,0,7,4
2,1941,0,1,4
2,1942,0,2,4
2,1942,0,4,4
2,1942,0,0,4
2,1942,0,7,4
2,1942,0,1,4
2,1943,0,2,4
2,1943,0,4,4
2,1943,0,0,4
2,1943,0,7,4
2,1943,0,1,4
2,1944,0,2,4
2,1944,0,4,4
2,1944,0,0,4
2,1944,0,7,4
2,1944,0,1,4
2,1945,0,2,4
2,1945,0,4,4
2,1945,0,0,4
2,1945,0,7,4
2,1945,0,1,4
2,1946,0,2,4
2,1946,0,4,4
2,1946,0,0,4
2,1946,0,7,4
2,1946,0,1,4
2,1947,0,2,4
2,1947,0,4,4
2,1947,0,0,4
2,1947,0,7,4
2,1947,0,1,4
2,1948,0,2,4
2,1948,0,4,4
2,1948,0,0,4
2,1948,0,7,4
2,1948,0,1,4
2,1949,0,2,4
2,1949,0,4,4
2,1949,0,0,4
2,1949,0,7,4
2,1949,0,1,4
2,1950,0,2,4
2,1950,0,4,4
2,1950,0,0,4
2,1950,0,7,4
2,1950,0,1,4
2,1951,0,2,4
2,1951,0,4,4
2,1951,0,0,4
2,1951,0,7,4
2,1951,0,1,4
2,1952,0,2,4
2,1952,0,4,4
2,1952,0,0,4
2,1952,0,7,4
2,1952,0,1,4
2,1953,0,2,4
2,1953,0,4,4
2,1953,0,0,4
2,1953,0,7,4
2,1953,0,1,4
2,1954,0,2,4
2,1954,0,4,4
2,1954,0,0,4
2,1954,0,7,4
2,1954,0,1,4
2,1955,0,2,4
2,1955,0,4,4
2,1955,0,0,4
2,1955,0,7,4
2,1955,0,1,4
2,1956,0,2,4
2,1956,0,4,4
2,1956,0,6,4
2,1956,0,0,4
2,1956,0,7,4
2,1956,0,1,4
2,1957,0,2,4
2,1957,0,4,4
2,1957,0,0,4
2,1957,0,7,4
2,1957,0,1,4
2,1958,0,2,4
2,1958,0,4,4
2,1958,0,0,4
2,1958,0,7,4
2,1958,0,1,4
2,1959,0,2,4
2,1959,0,4,4
2,1959,0,0,4
2,1959,0,7,4
2,1959,0,1,4
2,1960,0,2,4
2,1960,0,4,4
2,1960,0,0,4
2,1960,0,7,4
2,1960,0,1,4
2,1961,0,2,4
2,1961,0,4,4
2,1961,0,0,4
2,1961,0,7,4
2,1961,0,1,4
2,1962,0,2,4
2,1962,0,4,4
2,1962,0,0,4
2,1962,0,7,4
2,1962,0,1,4
2,1963,0,2,4
2,1963,0,4,4
2,1963,0,0,4
2,1963,0,7,4
2,1963,0,1,4
2,1964,0,2,4
2,1964,0,4,4
2,1964,0,0,4
2,1964,0,7,4
2,1964,0,1,4
2,1965,0,2,4
2,1965,0,4,4
2,1965,0,0,4
2,1965,0,7,4
2,1965,0,1,4
2,1966,0,2,4
2,1966,0,4,4
2,1966,0,0,4
2,1966,0,7,4
2,1966,0,1,4
2,1967,0,2,4
2,1967,0,4,4
2,1967,0,0,4
2,1967,0,7,4
2,1967,0,1,4
2,1968,0,2,4
2,1968,0,0,4
2,1968,0,7,4
2,1968,0,1,4
2,1969,0,2,4
2,1969,0,4,4
2,1969,0,0,4
2,1969,0,7,4
2,1969,0,1,4
2,1970,0,2,4
2,1970,0,0,4
2,1970,0,7,4
2,1970,0,1,4
2,1971,0,2,4
2,1971,0,4,4
2,1971,0,0,4
2,1971,0,7,4
2,1971,0,1,4
2,1972,0,2,4
2,1972,0,4,4
2,1972,0,0,4
2,1972,0,7,4
2,1972,0,1,4
2,1973,0,2,4
2,1973,0,4,4
2,1973,0,0,4
2,1973,0,7,4
2,1973,0,1,4
2,1974,0,2,4
2,1974,0,4,4
2,1974,0,0,4
2,1974,0,7,4
2,1974,0,1,4
2,1975,0,2,4
2,1975,0,4,4
2,1975,0,0,4
2,1975,0,7,4
2,1975,0,1,4
2,1976,0,2,4
2,1976,0,4,4
2,1976,0,0,4
2,1976,0,7,4
2,1976,0,1,4
2,1977,0,2,4
2,1977,0,4,4
2,1977,0,0,4
2,1977,0,7,4
2,1977,0,1,4
2,1978,0,2,4
2,1978,0,4,4
2,1978,0,0,4
2,1978,0,7,4
2,1978,0,1,4
2,1979,0,2,4
2,1979,0,4,4
2,1979,0,0,4
2,1979,0,7,4
2,1979,0,1,4
2,1980,0,2,4
2,1980,0,4,4
2,1980,0,0,4
2,1980,0,7,4
2,1980,0,1,4
2,1981,0,2,4
2,1981,0,4,4
2,1981,0,0,4
2,1981,0,7,4
2,1981,0,1,4
2,1982,0,2,4
2,1982,0,4,4
2,1982,0,0,4
2,1982,0,7,4
2,1982,0,1,4
2,1988,0,1,2
2,1988,0,4,2
2,1989,0,2,4
2,1989,0,4,4
2,1989,0,0,4
2,1989,0,7,4
2,1990,0,2,4
2,1990,0,4,4
2,1990,0,0,4
2,1990,0,7,4
2,1990,0,1,4
2,1997,0,1,2
2,1997,0,2,2
2,1998,0,1,2
2,1998,0,2,2
2,2003,0,2,2
2,2009,0,2,2
2,2038,0,0,2
2,2038,0,1,2
2,2039,0,1,2
2,2040,0,0,2
2,2040,0,1,2
2,2040,0,2,2
2,2041,0,0,2
2,2041,0,1,2
2,2041,0,2,2
2,2042,0,0,4
2,2042,0,1,4
2,2042,0,2,3
2,2043,0,0,5
2,2043,0,1,5
2,2043,0,2,5
2,2043,0,7,2
2,2044,0,0,2
2,2044,0,1,2
2,2044,0,2,2
2,2045,0,0,2
2,2045,0,1,2
2,2045,0,2,2
2,2047,0,4,2
2,2048,0,0,2
2,2048,0,1,2
2,2048,0,2,2
2,2048,0,4,2
2,2054,0,4,2
2,2057,0,4,2
2,2059,0,4,2
2,2065,0,4,2
2,2066,0,2,2
2,2068,0,2,2
2,2071,0,2,2
2,10011,0,4,2
2,10019,0,4,2
2,10033,0,4,2
2,10034,0,4,2
2,10037,0,4,2
2,10038,0,4,2
2,10066,0,4,2
2,10067,0,1,2
2,10067,0,2,2
2,10067,0,4,2
2,10068,0,4,2
2,10069,0,4,2
2,10070,0,4,2
2,10072,0,4,2
2,10073,0,1,2
2,10073,0,2,2
2,10073,0,4,2
2,10075,0,2,2
2,10075,0,4,3
2,10077,0,4,2
2,10081,0,4,2
2,10082,0,1,2
2,10082,0,2,2
2,10082,0,4,2
2,10083,0,0,2
2,10083,0,1,2
2,10083,0,2,2
2,10083,0,4,3
2,10172,0,2,2
2,10173,0,2,2
2,10175,0,2,2
2,10176,0,0,4
2,10176,0,2,6
2,20001,0,0,2
2,20001,0,1,2
2,20001,0,2,2
2,20001,0,4,2
2,20002,0,0,4
2,20002,0,1,5
2,20002,0,2,6
2,20002,0,4,4
2,20002,0,7,2
2,20003,0,0,2
2,20003,0,1,3
2,20003,0,2,3
2,20005,0,0,3
2,20005,0,1,5
2,20005,0,2,4
2,20005,0,7,2
2,10177,0,0,2
2,10177,0,1,3
2,10177,0,2,4
2,10178,0,0,2
2,10178,0,1,3
2,10178,0,2,3
2,10179,0,1,2
2,10179,0,2,2
2,10180,0,0,3
2,10180,0,1,4
2,10180,0,2,4
2,10181,0,0,2
2,10181,0,1,3
2,10181,0,2,3
4,14147,0,0,2
4,14153,0,0,2
4,14154,0,0,2
4,14167,0,0,2
4,14169,0,0,2
4,14170,0,0,2
4,14172,0,0,3
4,14177,0,0,3
4,60514,0,0,2
4,60533,0,0,2
4,60541,0,0,2
2,10182,0,4,2
2,10183,0,2,2
2,10183,0,4,2
2,10184,0,4,2
2,10185,0,2,2
2,10185,0,4,2
2,10186,0,4,2
2,10187,0,2,2
2,10188,0,2,2
2,10188,0,4,2
2,10190,0,1,2
2,10190,0,2,3
2,10191,0,1,2
2,10191,0,2,3
2,10192,0,0,2
2,10192,0,1,2
2,10192,0,2,4
2,10193,0,1,4
2,10193,0,2,3
2,10193,0,4,5
2,10194,0,1,2
2,10194,0,2,3
2,10195,0,0,2
2,10195,0,1,3
2,10195,0,2,4
2,10195,0,4,3
2,10201,0,0,2
2,10201,0,1,3
2,10201,0,2,3
2,10201,0,4,2
2,1173,0,2,4
2,1173,0,4,4
2,1173,0,0,4
2,1173,0,7,4
2,1173,0,1,4

2,1181,0,2,2
2,1181,0,4,2
2,1181,0,0,2
2,1181,0,7,2
2,1181,0,1,2

2,1184,0,2,4
2,1184,0,0,4
2,1184,0,7,4
2,1184,0,1,4

2,1185,0,2,4
2,1185,0,4,4
2,1185,0,0,4
2,1185,0,7,4
2,1185,0,1,4

2,2149,0,2,2
2,2149,0,4,2
2,2149,0,0,2
2,2149,0,7,2
2,2149,0,1,2

2,2151,0,2,2
2,2151,0,4,2
2,2151,0,0,2
2,2151,0,7,2
2,2151,0,1,2

2,2177,0,2,8
2,2177,0,4,8
2,2177,0,0,8
2,2177,0,7,8
2,2177,0,1,8

2,2180,0,2,4
2,2180,0,4,4
2,2180,0,0,4
2,2180,0,7,4
2,2180,0,1,4

2,2181,0,2,4
2,2181,0,4,4
2,2181,0,0,4
2,2181,0,7,4
2,2181,0,1,4

2,2201,0,2,8
2,2201,0,0,8
2,2201,0,7,8
2,2201,0,1,8

2,2203,0,2,2
2,2203,0,0,2
2,2203,0,7,2
2,2203,0,1,2

2,2204,0,2,4
2,2204,0,0,4
2,2204,0,7,4
2,2204,0,1,4

2,2225,0,2,2
2,2225,0,4,2
2,2225,0,0,2
2,2225,0,7,2
2,2225,0,1,2

2,2226,0,2,8
2,2226,0,4,8
2,2226,0,0,8
2,2226,0,7,8
2,2226,0,1,8

2,2227,0,2,4
2,2227,0,4,4
2,2227,0,0,4
2,2227,0,7,4
2,2227,0,1,4

2,2241,0,2,4
2,2241,0,4,4
2,2241,0,0,4
2,2241,0,7,4
2,2241,0,1,4

2,2246,0,2,8
2,2246,0,4,8
2,2246,0,0,8
2,2246,0,7,8
2,2246,0,1,8

2,2250,0,2,4
2,2250,0,4,4
2,2250,0,0,4
2,2250,0,7,4
2,2250,0,1,4

2,2251,0,2,2
2,2251,0,4,2
2,2251,0,0,2
2,2251,0,7,2
2,2251,0,1,2

2,2253,0,2,4
2,2253,0,4,4
2,2253,0,0,4
2,2253,0,7,4
2,2253,0,1,4

2,2254,0,2,4
2,2254,0,4,4
2,2254,0,0,4
2,2254,0,7,4
2,2254,0,1,4

2,2255,0,2,4
2,2255,0,4,4
2,2255,0,0,4
2,2255,0,7,4
2,2255,0,1,4

2,2256,0,2,2
2,2256,0,4,2
2,2256,0,0,2
2,2256,0,7,2
2,2256,0,1,2

2,2258,0,2,4
2,2258,0,4,4
2,2258,0,0,4
2,2258,0,7,4
2,2258,0,1,4

2,2259,0,2,4
2,2259,0,4,4
2,2259,0,0,4
2,2259,0,1,4

2,2260,0,2,2
2,2260,0,4,2
2,2260,0,0,2
2,2260,0,1,2

2,2261,0,2,8
2,2261,0,4,8
2,2261,0,0,8
2,2261,0,1,8

2,2296,0,2,2
2,2296,0,4,2
2,2296,0,0,2
2,2296,0,7,2

2,2308,0,2,4
2,2308,0,4,4
2,2308,0,0,4
2,2308,0,7,4
2,2308,0,1,4

2,2374,0,5,2
2,2374,0,0,2
2,2374,0,7,2
2,2374,0,1,2

2,2449,0,2,2
2,2449,0,4,2
2,2449,0,0,2
2,2449,0,7,2
2,2449,0,1,2

2,2448,0,2,4
2,2448,0,4,4
2,2448,0,0,4
2,2448,0,7,4
2,2448,0,1,4

2,2447,0,2,4
2,2447,0,4,4
2,2447,0,0,4
2,2447,0,7,4
2,2447,0,1,4

2,2446,0,2,4
2,2446,0,4,4
2,2446,0,0,4
2,2446,0,7,4
2,2446,0,1,4

2,2445,0,2,4
2,2445,0,4,4
2,2445,0,0,4
2,2445,0,7,4
2,2445,0,1,4

2,2444,0,2,8
2,2444,0,4,8
2,2444,0,0,8
2,2444,0,7,8
2,2444,0,1,8

2,2442,0,2,2
2,2442,0,4,2
2,2442,0,0,2
2,2442,0,7,2
2,2442,0,1,2

2,2441,0,2,8
2,2441,0,4,8
2,2441,0,0,8
2,2441,0,7,8
2,2441,0,1,8

2,2440,0,2,4
2,2440,0,4,4
2,2440,0,0,4
2,2440,0,7,4
2,2440,0,1,4

2,2439,0,2,8
2,2439,0,4,8
2,2439,0,0,8
2,2439,0,7,8
2,2439,0,1,8

2,2438,0,2,8
2,2438,0,4,8
2,2438,0,0,8
2,2438,0,7,8
2,2438,0,1,8

2,2437,0,2,8
2,2437,0,4,8
2,2437,0,0,8
2,2437,0,7,8
2,2437,0,1,8

2,2436,0,2,8
2,2436,0,4,8
2,2436,0,0,8
2,2436,0,7,8
2,2436,0,1,8

2,2435,0,2,8
2,2435,0,4,8
2,2435,0,0,8
2,2435,0,7,8
2,2435,0,1,8

2,2434,0,2,2
2,2434,0,4,2
2,2434,0,0,2
2,2434,0,7,2
2,2434,0,1,2

2,2432,0,2,4
2,2432,0,4,4
2,2432,0,0,4
2,2432,0,7,4
2,2432,0,1,4

2,2431,0,2,8
2,2431,0,4,8
2,2431,0,0,8
2,2431,0,7,8
2,2431,0,1,8

2,2430,0,2,4
2,2430,0,4,4
2,2430,0,0,4
2,2430,0,7,4
2,2430,0,1,4

2,2429,0,2,2
2,2429,0,4,2
2,2429,0,0,2
2,2429,0,7,2
2,2429,0,1,2

2,2428,0,2,4
2,2428,0,4,4
2,2428,0,0,4
2,2428,0,7,4
2,2428,0,1,4

2,2427,0,2,2
2,2427,0,4,2
2,2427,0,0,2
2,2427,0,7,2
2,2427,0,1,2

2,2425,0,2,4
2,2425,0,4,4
2,2425,0,0,4
2,2425,0,7,4
2,2425,0,1,4

2,2424,0,2,8
2,2424,0,4,8
2,2424,0,0,8
2,2424,0,7,8
2,2424,0,1,8

2,2423,0,2,4
2,2423,0,4,4
2,2423,0,0,4
2,2423,0,7,4
2,2423,0,1,4

2,2422,0,2,2
2,2422,0,4,2
2,2422,0,0,2
2,2422,0,7,2
2,2422,0,1,2

2,2420,0,2,2
2,2420,0,4,2
2,2420,0,0,2
2,2420,0,7,2
2,2420,0,1,2

2,2417,0,2,4
2,2417,0,4,4
2,2417,0,0,4
2,2417,0,7,4
2,2417,0,1,4

2,2412,0,2,2
2,2412,0,4,2
2,2412,0,0,2
2,2412,0,7,2
2,2412,0,1,2

2,5043,0,2,4
2,5043,0,4,4
2,5043,0,0,4
2,5043,0,7,4
2,5043,0,1,4

2,5045,0,2,2
2,5045,0,4,2
2,5045,0,0,2
2,5045,0,7,2
2,5045,0,1,2

2,5047,0,2,4
2,5047,0,4,4
2,5047,0,0,4
2,5047,0,7,4
2,5047,0,1,4

2,5049,0,2,2
2,5049,0,4,2
2,5049,0,0,2
2,5049,0,7,2
2,5049,0,1,2

2,5050,0,2,2
2,5050,0,4,2
2,5050,0,0,2
2,5050,0,7,2
2,5050,0,1,2

2,5051,0,2,8
2,5051,0,0,8
2,5051,0,7,8
2,5051,0,1,8

2,5056,0,2,2
2,5056,0,4,2
2,5056,0,0,2
2,5056,0,7,2
2,5056,0,1,2

2,5060,0,2,2
2,5060,0,4,2
2,5060,0,0,2
2,5060,0,7,2
2,5060,0,1,2

2,5061,0,2,2
2,5061,0,4,2
2,5061,0,0,2
2,5061,0,7,2
2,5061,0,1,2

2,5062,0,2,4
2,5062,0,0,4
2,5062,0,7,4
2,5062,0,1,4

2,5063,0,2,2
2,5063,0,0,2
2,5063,0,7,2
2,5063,0,1,2

2,5064,0,2,8
2,5064,0,0,8
2,5064,0,7,8
2,5064,0,1,8

2,5065,0,2,4
2,5065,0,0,4
2,5065,0,7,4
2,5065,0,1,4

2,5066,0,2,2
2,5066,0,0,2
2,5066,0,7,2
2,5066,0,1,2

2,5067,0,2,4
2,5067,0,0,4
2,5067,0,7,4
2,5067,0,1,4

2,5068,0,2,8
2,5068,0,0,8
2,5068,0,7,8
2,5068,0,1,8

2,5069,0,2,4
2,5069,0,0,4
2,5069,0,7,4
2,5069,0,1,4

2,5070,0,2,4
2,5070,0,0,4
2,5070,0,7,4
2,5070,0,1,4

2,5071,0,2,2
2,5071,0,4,2
2,5071,0,0,2
2,5071,0,7,2
2,5071,0,1,2

2,5072,0,2,2
2,5072,0,4,2
2,5072,0,0,2
2,5072,0,7,2
2,5072,0,1,2

2,5073,0,2,4
2,5073,0,4,4
2,5073,0,0,4
2,5073,0,7,4
2,5073,0,1,4

2,5074,0,2,2
2,5074,0,4,2
2,5074,0,0,2
2,5074,0,7,2
2,5074,0,1,2

2,5075,0,2,4
2,5075,0,4,4
2,5075,0,0,4
2,5075,0,7,4
2,5075,0,1,4

2,5076,0,2,2
2,5076,0,4,2
2,5076,0,0,2
2,5076,0,7,2
2,5076,0,1,2

2,5077,0,2,4
2,5077,0,4,4
2,5077,0,0,4
2,5077,0,7,4
2,5077,0,1,4

2,5078,0,2,2
2,5078,0,4,2
2,5078,0,0,2
2,5078,0,7,2
2,5078,0,1,2

2,5079,0,2,2
2,5079,0,4,2
2,5079,0,0,2
2,5079,0,7,2
2,5079,0,1,2

2,5080,0,2,2
2,5080,0,4,2
2,5080,0,0,2
2,5080,0,7,2
2,5080,0,1,2

2,5086,0,2,8
2,5086,0,0,8
2,5086,0,7,8
2,5086,0,1,8

2,5087,0,2,8
2,5087,0,4,8
2,5087,0,0,8
2,5087,0,7,8
2,5087,0,1,8

2,10183,0,0,2
2,10183,0,1,3
2,10183,0,2,3
2,10184,0,0,2
2,10184,0,1,2
2,10184,0,2,2
2,10184,0,4,3
2,10185,0,0,2
2,10185,0,1,3
2,10185,0,2,4
2,10186,0,0,2
2,10186,0,1,2
2,10186,0,2,3
2,10187,0,2,2
2,10187,0,4,2
2,10188,0,1,2
2,10188,0,2,2
2,10188,0,4,2
2,10189,0,4,2
2,10190,0,1,2
2,10190,0,2,3
2,10192,0,0,2
2,10192,0,1,2
2,10192,0,2,2
2,10192,0,4,4
2,10193,0,0,3
2,10193,0,1,4
2,10193,0,2,4
2,10193,0,7,2
4,14229,0,0,3
4,14230,0,0,2
4,14231,0,0,2
4,14232,0,0,2
3,2220,0,0,2


2,2460,0,0,2
2,2460,0,1,2
2,2460,0,2,3
2,2460,0,4,2
2,2461,0,0,2
2,2461,0,1,2
2,2461,0,2,2
2,2462,0,0,2
2,2462,0,1,3
2,2462,0,2,3
2,2463,0,4,2
2,2464,0,4,2
2,2465,0,4,2
2,2466,0,1,2
2,2466,0,2,2
2,2466,0,4,2
2,2467,0,4,2
2,2468,0,1,2
2,2468,0,2,2
2,2468,0,4,3
2,2470,0,0,2
2,2470,0,1,2
2,2470,0,2,3
2,2470,0,4,3
2,2472,0,4,2
2,2476,0,4,3
2,2477,0,4,3


2,5085,0,2,8
2,5085,0,4,8
2,5085,0,0,8
2,5085,0,7,8
2,5085,0,1,8

2,8014,0,2,8
2,8014,0,4,8
2,8014,0,0,8
2,8014,0,7,8
2,8014,0,1,8

2,8029,0,2,8
2,8029,0,4,8
2,8029,0,0,8
2,8029,0,7,8
2,8029,0,1,8

2,8103,0,2,8
2,8103,0,9,8
2,8103,0,4,8
2,8103,0,0,8



2,11023,0,2,8
2,11023,0,4,8
2,11023,0,0,8
2,11023,0,7,8
2,11023,0,1,8


2,11034,0,2,2
2,11034,0,4,2
2,11034,0,0,2
2,11034,0,7,2
2,11034,0,1,2

2,11035,0,2,2
2,11035,0,4,2
2,11035,0,0,2
2,11035,0,7,2
2,11035,0,1,2


2,11040,0,2,2
2,11040,0,4,2
2,11040,0,0,2
2,11040,0,7,2
2,11040,0,1,2

2,12002,0,2,8
2,12002,0,4,8
2,12002,0,0,8
2,12002,0,7,8
2,12002,0,1,8

2,12037,0,2,4
2,12037,0,4,4
2,12037,0,0,4
2,12037,0,7,4
2,12037,0,1,4

2,12038,0,2,4
2,12038,0,4,4
2,12038,0,0,4
2,12038,0,7,4
2,12038,0,1,4


2,12048,0,0,4
2,12048,0,1,6
2,12048,0,2,6
2,12048,0,7,3

2,12049,0,2,8
2,12049,0,4,8
2,12049,0,0,8
2,12049,0,7,8
2,12049,0,1,8


2,12036,0,2,8
2,12036,0,4,8
2,12036,0,0,8
2,12036,0,7,8
2,12036,0,1,8














